# Created by Octave 5.0.91, Mon Feb 25 14:57:24 2019 IST <ohad@ohad-Inspiron>
# name: sample_sizes
# type: matrix
# rows: 1
# columns: 71
 40 42 44 46 48 50 52 54 56 58 60 62 64 66 68 70 72 74 76 78 80 82 84 86 88 90 92 94 96 98 100 102 104 106 108 110 112 114 116 118 120 122 124 126 128 130 132 134 136 138 140 142 144 146 148 150 152 154 156 158 160 162 164 166 168 170 172 174 176 178 180


# name: lss_sl2errors
# type: matrix
# rows: 1
# columns: 71
 5.0583770802926686 5.0662324729891406 5.0639178934611815 5.054661158836705 5.0566460194369762 5.0530031336935268 5.0517198091111783 5.0586467698815643 5.0576658002790555 5.050264658293341 5.0599338353562251 5.0679183673341432 5.0650740842291926 5.0563827491149054 5.054737765074818 5.0494437027542975 5.0531120362900248 5.053231505570416 5.0558317814689602 5.0578432243617364 5.0518396049185004 5.0532252495375216 5.051612238256836 5.0523676441899221 5.056178380520115 5.0501160234794424 5.0503877222965015 5.0504490179979813 5.0493943070803748 5.0528922885304732 5.0532793549001243 5.0535814045965104 5.0571130058897626 5.0530703602914766 5.0575676600703918 5.0522096730746151 5.05098683694135 5.0512714111472308 5.0520492069107101 5.0493281649167141 5.0506854897051312 5.0516910642402806 5.0508342313300307 5.052523140123391 5.0547315139133318 5.0518487718476273 5.0502390566693549 5.0495143536241986 5.0495222458977187 5.0536939862425028 5.0505970486962743 5.0527418697189797 5.0515758029717226 5.0503844607586714 5.0526233972569345 5.0495725454680755 5.0496272704228131 5.0498419509587373 5.0493130717391743 5.0506620993777105 5.0519084910587528 5.0507150679647435 5.0507135471823856 5.0507113084347424 5.053054212530661 5.0507999766265392 5.0550836844812448 5.049556150388895 5.0515627717014517 5.0501995784712577 5.0491333420681004


# name: vss_sl2errors
# type: matrix
# rows: 1
# columns: 71
 5.0703619234784227 5.0563267811207577 5.0667686225195689 5.05940758648127 5.0768445283250303 5.0546747883537106 5.0613396240009276 5.068219711619192 5.0638474485831377 5.0672187827834509 5.0559025370926518 5.0542402490960994 5.0574114085883091 5.0615571500289018 5.0735761130240187 5.0583456122104691 5.0762316061139172 5.0584995319111066 5.0629142671293152 5.0593535202298687 5.0583914269167423 5.0647380152820398 5.0585397372627652 5.0575576658877948 5.0519531134364959 5.0547776203187107 5.0540709132373252 5.0536722620557031 5.0563020503724223 5.0567441486887041 5.0560137671655463 5.0569813877619474 5.0515289972267983 5.0496604009249086 5.0505619082048918 5.053938131185606 5.0527597359350462 5.0509094774455612 5.0515392657722611 5.05140612330755 5.053968564429856 5.0579765191293742 5.0514999891311172 5.0602286120879407 5.0560948751027555 5.0551499976455707 5.06024378083701 5.0543330908006183 5.0552176141372014 5.0538642047408064 5.0520619886722065 5.0528557995088494 5.0505436748373329 5.0498472118225388 5.0519707869240404 5.0504519634051714 5.0523175490503585 5.0521365965778839 5.0501161715349232 5.0523652389029312 5.0502124700871995 5.0522811048692544 5.0545321663508611 5.0562265689446653 5.0522368770425619 5.0612586223811604 5.0522620558743139 5.0512022800017702 5.0524527000234007 5.0528798968538746 5.0516307372938991


# name: lvss_sl2errors
# type: matrix
# rows: 1
# columns: 71
 5.0598181610893791 5.0568523580703291 5.0621059955702599 5.0575866452058307 5.0580193360227295 5.0575191896261913 5.0615989541118216 5.0561732721309696 5.0545983464813391 5.0562747551175029 5.0685012738579855 5.0545753934016773 5.0517695364474546 5.0644591702780657 5.0543195650445822 5.0507144885290893 5.0551245204669772 5.0548645468585311 5.0527286738106438 5.0522739795652365 5.0527524097270469 5.0620884883038197 5.0545328800610791 5.0520230826208445 5.0514109510070586 5.0555712866708156 5.0521912495948849 5.0506396547622998 5.0516121513141519 5.0502024801837875 5.0545535098161389 5.0499226971455311 5.056116306893137 5.0536452244320742 5.0498904474598563 5.0494747013344625 5.0508743595592938 5.0540740860132543 5.0517206804656842 5.0520298872889491 5.05054953493556 5.050596139361029 5.0517716524216807 5.0500301398265064 5.0508096344085036 5.0518189124448316 5.0507193497066112 5.0529002289229155 5.0508222221512549 5.050764826217538 5.0504987392419993 5.0540523543822236 5.0496873003633445 5.0495361064414981 5.0500912771608357 5.0502067905203907 5.0509134026658531 5.0504902096042015 5.0523231686817605 5.0517182098244149 5.0495985433310731 5.0491146780135692 5.0509973879974339 5.0501040922256255 5.0495154569180274 5.049571313086771 5.0507062454249496 5.051479855271765 5.050319425924279 5.0504378979732625 5.0493905813394537


# name: optimal_error
# type: range
# base, length, increment
5.0485921949340771 71 0


