# Created by Octave 5.0.91, Mon Feb 25 12:12:24 2019 IST <ohad@ohad-Inspiron>
# name: sample_sizes
# type: matrix
# rows: 1
# columns: 26
 20 22 24 26 28 30 32 34 36 38 40 42 44 46 48 50 52 54 56 58 60 62 64 66 68 70


# name: lss_sl2errors
# type: matrix
# rows: 1
# columns: 26
 0.0003082351178173445 0.00031081773338806476 0.00030757291037473213 0.00030630405292683655 0.00030584774349270066 0.00030479895835423734 0.0003059758376621786 0.00030412805237067678 0.00030489869898795081 0.00030470777945736674 0.00030399567050373412 0.00030406058406642 0.00030316167014501823 0.00030257720509828319 0.00030270669965821789 0.00030284618813152669 0.00030221755342164464 0.00030256921280381215 0.00030253055852820228 0.000302445177709676 0.00030252930372282782 0.00030240061839610101 0.00030304508291102299 0.00030217067466257905 0.00030226679567095651 0.00030237773447317992


# name: vss_sl2errors
# type: matrix
# rows: 1
# columns: 26
 0.00030766256949919135 0.00030903840462765829 0.00030545715568305605 0.00030756200564483854 0.00030675006580031214 0.00030318072014382918 0.00030734809594804062 0.00030376004588161945 0.0003040936510750048 0.00030281090270859574 0.00030221444061728271 0.00030550176568693878 0.00030254431128699235 0.00030252438981080758 0.00030319085350638379 0.00030439454185996487 0.00030267364253976195 0.00030232875072572712 0.00030831596007451336 0.00030376947281314824 0.00030238334000964369 0.00030223391589097239 0.00030259638756983693 0.00030215980242010343 0.00030340658995357768 0.00030303556427961365


# name: lvss_sl2errors
# type: matrix
# rows: 1
# columns: 26
 0.00030708006090970371 0.00030668397257656402 0.00031375325884795485 0.00030303953912507104 0.00030499383104383752 0.00030582759850303755 0.00030362293518318916 0.00030496180926179925 0.00030335940385108675 0.00030299823778586225 0.00030320566948774396 0.00030427928528251204 0.00030330255945729319 0.00030286334231648939 0.0003021389375676003 0.00030332001529548541 0.00030236254362134713 0.00030273898165704942 0.00030253387944959535 0.0003029552117276353 0.00030268433144891541 0.0003026547565663313 0.00030238621126627485 0.00030222344620242213 0.00030271548427680383 0.00030261189371543347


# name: optimal_error
# type: range
# base, length, increment
0.00030159921981850926 26 0


