# Created by Octave 5.0.91, Mon Feb 25 17:18:56 2019 IST <ohad@ohad-Inspiron>
# name: sample_sizes
# type: matrix
# rows: 1
# columns: 31
 15 16 17 18 19 20 21 22 23 24 25 26 27 28 29 30 31 32 33 34 35 36 37 38 39 40 41 42 43 44 45


# name: lss_sl2errors
# type: matrix
# rows: 1
# columns: 31
 5647453248.2562866 5672412149.9021254 5630180320.5841846 5623433843.3567047 5708615092.0375919 5639537156.6703873 5644377987.1333618 5649002573.2104616 5618681749.7585649 5625711373.6534042 5626264201.5045424 5613884211.5913763 5624086198.1269646 5626946066.6160688 5621129537.9288597 5621169404.3617182 5628752109.7119913 5620900308.2059393 5610254105.4648495 5608888712.142725 5619847162.9741583 5612938223.0982599 5621721333.0439034 5625793376.7874565 5644576282.1587982 5634138631.9151964 5620571379.9137583 5619636063.6391792 5618777845.7808523 5619752964.0388584 5623539469.2185135


# name: vss_sl2errors
# type: matrix
# rows: 1
# columns: 31
 5667890503.8200054 5642114685.1894188 5662119424.4202785 5639909320.1070309 5656806058.906415 5621891659.718441 5625214471.7001419 5628383043.0321627 5641029936.4960613 5658715080.1415739 5661649656.4640169 5626743632.6369133 5637684582.9432125 5627711732.595705 5632528327.6336546 5624194940.827323 5622729568.5993805 5622109260.3393908 5641719685.7978783 5615459167.2409668 5615462922.726491 5651744656.7215967 5617776769.9146738 5614944354.8430061 5636821247.6556091 5639510184.2327671 5628009502.0759354 5617265525.4311533 5634224871.0782175 5634394312.4309731 5620374028.2623224


# name: lvss_sl2errors
# type: matrix
# rows: 1
# columns: 31
 5694868062.1869707 5637647871.0167408 5644453585.7461052 5634074758.4829454 5653211590.9879236 5653138425.5931225 5640245013.4805069 5635752835.3216896 5621843920.7693148 5632455253.4864683 5633035819.3846798 5631477326.554368 5625563796.3103895 5642607163.7930231 5614361555.8262377 5621249662.1110401 5638096492.7487516 5628317285.0818739 5647529144.200943 5626760252.6868248 5610699536.4345245 5627169181.3104095 5617541897.9795237 5621436786.1881523 5611767022.5945225 5621924696.8849707 5619521894.2727699 5625907623.6193962 5617752650.4140272 5625369162.0315809 5614170625.8624363


# name: optimal_error
# type: range
# base, length, increment
5605641987.0404415 31 0


