# Created by Octave 5.0.91, Mon Feb 25 14:20:49 2019 IST <ohad@ohad-Inspiron>
# name: sample_sizes
# type: matrix
# rows: 1
# columns: 21
 20 22 24 26 28 30 32 34 36 38 40 42 44 46 48 50 52 54 56 58 60


# name: lss_sl2errors
# type: matrix
# rows: 1
# columns: 21
 3023.7463777025368 395.62083837475421 340.99522065656697 313.41353231242357 272.75472724638422 367.48704328623467 525.05805739576533 264.17427620152364 434.78571899533813 270.13011621466876 264.07201556643548 268.79909270365937 263.03662604855219 263.02646500055835 263.07480383564666 263.56649886329899 263.10191015272079 262.64545114433525 263.34423867374164 262.76526288327341 263.21623280538392


# name: vss_sl2errors
# type: matrix
# rows: 1
# columns: 21
 263.6192472884652 264.84540218627859 263.42487427335953 263.82454520372039 263.36152741243586 263.33435887538405 262.80010521721579 263.63635177046348 263.36834326325396 263.12139503498054 264.72123093286012 263.21611233987932 263.11938072330412 262.97943106339824 263.14370422981085 263.2316317465785 263.14709282186715 263.29796584236084 262.67025098009714 262.5174706389426 263.361604008624


# name: lvss_sl2errors
# type: matrix
# rows: 1
# columns: 21
 267.08752443426476 263.93456759398703 264.28102509653507 263.15221865019413 264.15182672589123 263.00566119156269 264.3582475129312 263.55075599649905 263.97048658979367 262.67642400741317 263.39689156139303 262.94277328536708 262.72173377705536 263.7695167180197 262.95505719672167 262.56805528802505 264.33360523587305 262.8460395621392 263.51705592875521 263.10771077963454 262.68264057703999


# name: optimal_error
# type: range
# base, length, increment
262.20251862548349 21 0


