# Created by Octave 5.0.91, Mon Feb 25 12:15:36 2019 IST <ohad@ohad-Inspiron>
# name: sample_sizes
# type: matrix
# rows: 1
# columns: 26
 20 22 24 26 28 30 32 34 36 38 40 42 44 46 48 50 52 54 56 58 60 62 64 66 68 70


# name: lss_sl2errors
# type: matrix
# rows: 1
# columns: 26
 25.197088250903914 25.130750059403105 25.063875473309807 24.625025321022783 24.524585018721325 24.49445629612476 24.457953361106576 24.398043745372593 24.242108054682472 24.385315492400061 24.342187113348899 24.275505571865573 24.321282298176982 24.42149151957927 24.291828029966641 24.266658950836511 24.188973035438519 24.218612363804557 24.279007772602483 24.242098772958283 24.236853062193074 24.233139170244797 24.223017298709046 24.240378537137993 24.273474994474096 24.208021395972619


# name: vss_sl2errors
# type: matrix
# rows: 1
# columns: 26
 24.906224788097425 24.266749107765488 24.310869635270898 24.422922607424688 24.268227145116605 24.572472090719831 24.294405055000976 24.290984874301177 24.394728572811371 24.257642283435182 24.227516118730065 24.323323202504064 24.233696264638258 24.260248891676063 24.264726967941023 24.342692839747006 24.343227088045708 24.246826046908922 24.321382935116695 24.208815639770172 24.230065335553579 24.273882999490692 24.271735833990252 24.246994992261616 24.215471659391131 24.22283578022687


# name: lvss_sl2errors
# type: matrix
# rows: 1
# columns: 26
 24.843292872657027 24.415315989517229 24.660179271296222 24.468050421182305 24.480446312235255 24.607855391319003 24.263372610956242 24.382284471465201 24.360659186488693 24.389559762291661 24.339286671213596 24.264103622900624 24.263785970095082 24.269937904307543 24.231398096919417 24.244680867867174 24.222968104429103 24.241899121566881 24.193490942708124 24.204764062472492 24.245264689326731 24.321184125183066 24.245531381354457 24.187512856106871 24.269188568628223 24.191677553781449


# name: optimal_error
# type: range
# base, length, increment
24.166099330126482 26 0


