# Created by Octave 5.0.91, Mon Feb 25 12:15:14 2019 IST <ohad@ohad-Inspiron>
# name: sample_sizes
# type: matrix
# rows: 1
# columns: 31
 20 22 24 26 28 30 32 34 36 38 40 42 44 46 48 50 52 54 56 58 60 62 64 66 68 70 72 74 76 78 80


# name: lss_sl2errors
# type: matrix
# rows: 1
# columns: 31
 0.024006148803282657 0.023975049180228268 0.023994323814066309 0.023979238088696484 0.023956157907397201 0.023953268628970646 0.023927939142823908 0.023983292480299016 0.023980674184099098 0.023924420326661547 0.02396317375881438 0.02396037555131782 0.023935918779684335 0.023933054759101843 0.023950513040538197 0.023953414566306265 0.023945155385449834 0.023960496662796763 0.023940631595813101 0.023931689865804712 0.023935531592016529 0.02395005676513276 0.023939154028426342 0.023932516214509144 0.023977701266020758 0.023955446012615993 0.023938226419890494 0.023937568025606971 0.023960128825095219 0.023943756169175868 0.023939563508774991


# name: vss_sl2errors
# type: matrix
# rows: 1
# columns: 31
 0.024011842946499391 0.023958838340540231 0.023980307791844273 0.023955824395201199 0.023950904148518127 0.023957836813299178 0.023971846960908035 0.024005477261406907 0.023947713441566782 0.023938816236421103 0.023934235634170107 0.023935404503083891 0.023940795386710442 0.023924296376239454 0.023932594475881201 0.02400391342131189 0.023929587003451325 0.023952309466839343 0.023929794267566317 0.023949172754176861 0.023956216323264612 0.023942673897572628 0.023942773914861756 0.023927226255846992 0.023923650106040348 0.023962978990127688 0.023965756893733085 0.02393828929040176 0.023965879374373052 0.023934513715730927 0.02392293788543327


# name: lvss_sl2errors
# type: matrix
# rows: 1
# columns: 31
 0.024001185005093115 0.023980723817770333 0.023992016487981292 0.023951845783231413 0.023951453719716884 0.024241301393861357 0.024034641473056003 0.023965098847694134 0.023978745710534783 0.024031178221189647 0.023933557017070055 0.023960467385561793 0.023953892670083046 0.023940572924902138 0.023960339239362308 0.023931088882825666 0.023946763332256156 0.023957928107741645 0.023938676298667829 0.023925290605431991 0.023931688262756674 0.023951688590354778 0.023920751078541445 0.023925468567081776 0.023939405479935432 0.023944591239987639 0.023939309138153265 0.023923416048746347 0.023942966430526454 0.02397222913304611 0.023935408770060708


# name: optimal_error
# type: range
# base, length, increment
0.023917507995097481 31 0


